x <- 0.5


2-3-6+x
4+6/5
(4+5)/5 
(1/2)*(10/11)
5^2 - 3^3 
(3/4) + 25^(1/2)
